-183 -0.0166744
-182.9 -0.0166235
-182.8 -0.0165728
-182.7 -0.0165222
-182.6 -0.0164718
-182.5 -0.0164214
-182.4 -0.0163713
-182.3 -0.0163213
-182.2 -0.0162714
-182.1 -0.0162216
-182 -0.016172
-181.9 -0.0161226
-181.8 -0.0160732
-181.7 -0.0160241
-181.6 -0.015975
-181.5 -0.0159261
-181.4 -0.0158773
-181.3 -0.0158287
-181.2 -0.0157802
-181.1 -0.0157319
-181 -0.0156836
-180.9 -0.0156355
-180.8 -0.0155876
-180.7 -0.0155398
-180.6 -0.0154921
-180.5 -0.0154446
-180.4 -0.0153971
-180.3 -0.0153499
-180.2 -0.0153027
-180.1 -0.0152557
-180 -0.0152088
-179.9 -0.0151621
-179.8 -0.0151155
-179.7 -0.015069
-179.6 -0.0150227
-179.5 -0.0149764
-179.4 -0.0149303
-179.3 -0.0148844
-179.2 -0.0148386
-179.1 -0.0147929
-179 -0.0147473
-178.9 -0.0147019
-178.8 -0.0146566
-178.7 -0.0146114
-178.6 -0.0145663
-178.5 -0.0145214
-178.4 -0.0144766
-178.3 -0.0144319
-178.2 -0.0143874
-178.1 -0.014343
-178 -0.0142987
-177.9 -0.0142545
-177.8 -0.0142105
-177.7 -0.0141666
-177.6 -0.0141228
-177.5 -0.0140791
-177.4 -0.0140356
-177.3 -0.0139922
-177.2 -0.0139489
-177.1 -0.0139057
-177 -0.0138626
-176.9 -0.0138197
-176.8 -0.0137769
-176.7 -0.0137342
-176.6 -0.0136917
-176.5 -0.0136492
-176.4 -0.0136069
-176.3 -0.0135647
-176.2 -0.0135227
-176.1 -0.0134807
-176 -0.0134389
-175.9 -0.0133971
-175.8 -0.0133556
-175.7 -0.0133141
-175.6 -0.0132727
-175.5 -0.0132315
-175.4 -0.0131903
-175.3 -0.0131493
-175.2 -0.0131085
-175.1 -0.0130677
-175 -0.013027
-174.9 -0.0129865
-174.8 -0.0129461
-174.7 -0.0129058
-174.6 -0.0128656
-174.5 -0.0128255
-174.4 -0.0127855
-174.3 -0.0127457
-174.2 -0.0127059
-174.1 -0.0126663
-174 -0.0126268
-173.9 -0.0125874
-173.8 -0.0125481
-173.7 -0.012509
-173.6 -0.0124699
-173.5 -0.012431
-173.4 -0.0123921
-173.3 -0.0123534
-173.2 -0.0123148
-173.1 -0.0122763
-173 -0.0122379
-172.9 -0.0121997
-172.8 -0.0121615
-172.7 -0.0121234
-172.6 -0.0120855
-172.5 -0.0120476
-172.4 -0.0120099
-172.3 -0.0119723
-172.2 -0.0119348
-172.1 -0.0118974
-172 -0.0118601
-171.9 -0.0118229
-171.8 -0.0117858
-171.7 -0.0117488
-171.6 -0.011712
-171.5 -0.0116752
-171.4 -0.0116385
-171.3 -0.011602
-171.2 -0.0115655
-171.1 -0.0115292
-171 -0.011493
-170.9 -0.0114568
-170.8 -0.0114208
-170.7 -0.0113849
-170.6 -0.0113491
-170.5 -0.0113133
-170.4 -0.0112777
-170.3 -0.0112422
-170.2 -0.0112068
-170.1 -0.0111715
-170 -0.0111363
-169.9 -0.0111012
-169.8 -0.0110662
-169.7 -0.0110313
-169.6 -0.0109965
-169.5 -0.0109618
-169.4 -0.0109272
-169.3 -0.0108927
-169.2 -0.0108583
-169.1 -0.010824
-169 -0.0107898
-168.9 -0.0107558
-168.8 -0.0107218
-168.7 -0.0106879
-168.6 -0.0106541
-168.5 -0.0106204
-168.4 -0.0105867
-168.3 -0.0105532
-168.2 -0.0105198
-168.1 -0.0104865
-168 -0.0104533
-167.9 -0.0104202
-167.8 -0.0103872
-167.7 -0.0103542
-167.6 -0.0103214
-167.5 -0.0102887
-167.4 -0.010256
-167.3 -0.0102235
-167.2 -0.010191
-167.1 -0.0101587
-167 -0.0101264
-166.9 -0.0100942
-166.8 -0.0100622
-166.7 -0.0100302
-166.6 -0.00999831
-166.5 -0.00996651
-166.4 -0.00993481
-166.3 -0.0099032
-166.2 -0.00987169
-166.1 -0.00984026
-166 -0.00980893
-165.9 -0.00977769
-165.8 -0.00974654
-165.7 -0.00971548
-165.6 -0.00968451
-165.5 -0.00965364
-165.4 -0.00962285
-165.3 -0.00959215
-165.2 -0.00956155
-165.1 -0.00953103
-165 -0.0095006
-164.9 -0.00947026
-164.8 -0.00944001
-164.7 -0.00940985
-164.6 -0.00937978
-164.5 -0.00934979
-164.4 -0.00931989
-164.3 -0.00929008
-164.2 -0.00926036
-164.1 -0.00923073
-164 -0.00920118
-163.9 -0.00917172
-163.8 -0.00914234
-163.7 -0.00911305
-163.6 -0.00908385
-163.5 -0.00905474
-163.4 -0.0090257
-163.3 -0.00899676
-163.2 -0.0089679
-163.1 -0.00893912
-163 -0.00891043
-162.9 -0.00888182
-162.8 -0.0088533
-162.7 -0.00882486
-162.6 -0.00879651
-162.5 -0.00876824
-162.4 -0.00874005
-162.3 -0.00871194
-162.2 -0.00868392
-162.1 -0.00865598
-162 -0.00862813
-161.9 -0.00860035
-161.8 -0.00857266
-161.7 -0.00854505
-161.6 -0.00851752
-161.5 -0.00849007
-161.4 -0.0084627
-161.3 -0.00843542
-161.2 -0.00840821
-161.1 -0.00838108
-161 -0.00835404
-160.9 -0.00832707
-160.8 -0.00830019
-160.7 -0.00827338
-160.6 -0.00824666
-160.5 -0.00822001
-160.4 -0.00819344
-160.3 -0.00816695
-160.2 -0.00814054
-160.1 -0.0081142
-160 -0.00808795
-159.9 -0.00806177
-159.8 -0.00803567
-159.7 -0.00800965
-159.6 -0.0079837
-159.5 -0.00795784
-159.4 -0.00793204
-159.3 -0.00790633
-159.2 -0.00788069
-159.1 -0.00785513
-159 -0.00782964
-158.9 -0.00780423
-158.8 -0.0077789
-158.7 -0.00775364
-158.6 -0.00772845
-158.5 -0.00770334
-158.4 -0.00767831
-158.3 -0.00765334
-158.2 -0.00762846
-158.1 -0.00760365
-158 -0.00757891
-157.9 -0.00755424
-157.8 -0.00752965
-157.7 -0.00750513
-157.6 -0.00748069
-157.5 -0.00745632
-157.4 -0.00743202
-157.3 -0.00740779
-157.2 -0.00738364
-157.1 -0.00735955
-157 -0.00733554
-156.9 -0.0073116
-156.8 -0.00728774
-156.7 -0.00726394
-156.6 -0.00724022
-156.5 -0.00721656
-156.4 -0.00719298
-156.3 -0.00716947
-156.2 -0.00714602
-156.1 -0.00712265
-156 -0.00709935
-155.9 -0.00707612
-155.8 -0.00705296
-155.7 -0.00702986
-155.6 -0.00700684
-155.5 -0.00698388
-155.4 -0.006961
-155.3 -0.00693818
-155.2 -0.00691543
-155.1 -0.00689275
-155 -0.00687013
-154.9 -0.00684759
-154.8 -0.00682511
-154.7 -0.0068027
-154.6 -0.00678036
-154.5 -0.00675808
-154.4 -0.00673587
-154.3 -0.00671373
-154.2 -0.00669166
-154.1 -0.00666965
-154 -0.00664771
-153.9 -0.00662583
-153.8 -0.00660402
-153.7 -0.00658227
-153.6 -0.00656059
-153.5 -0.00653898
-153.4 -0.00651743
-153.3 -0.00649595
-153.2 -0.00647453
-153.1 -0.00645317
-153 -0.00643188
-152.9 -0.00641065
-152.8 -0.00638949
-152.7 -0.00636839
-152.6 -0.00634736
-152.5 -0.00632639
-152.4 -0.00630548
-152.3 -0.00628463
-152.2 -0.00626385
-152.1 -0.00624313
-152 -0.00622248
-151.9 -0.00620188
-151.8 -0.00618135
-151.7 -0.00616088
-151.6 -0.00614048
-151.5 -0.00612013
-151.4 -0.00609985
-151.3 -0.00607962
-151.2 -0.00605946
-151.1 -0.00603936
-151 -0.00601932
-150.9 -0.00599934
-150.8 -0.00597943
-150.7 -0.00595957
-150.6 -0.00593977
-150.5 -0.00592004
-150.4 -0.00590036
-150.3 -0.00588074
-150.2 -0.00586118
-150.1 -0.00584169
-150 -0.00582225
-149.9 -0.00580287
-149.8 -0.00578355
-149.7 -0.00576428
-149.6 -0.00574508
-149.5 -0.00572593
-149.4 -0.00570685
-149.3 -0.00568782
-149.2 -0.00566885
-149.1 -0.00564993
-149 -0.00563108
-148.9 -0.00561228
-148.8 -0.00559354
-148.7 -0.00557486
-148.6 -0.00555623
-148.5 -0.00553766
-148.4 -0.00551915
-148.3 -0.00550069
-148.2 -0.00548229
-148.1 -0.00546395
-148 -0.00544566
-147.9 -0.00542743
-147.8 -0.00540925
-147.7 -0.00539113
-147.6 -0.00537307
-147.5 -0.00535506
-147.4 -0.0053371
-147.3 -0.0053192
-147.2 -0.00530136
-147.1 -0.00528357
-147 -0.00526583
-146.9 -0.00524815
-146.8 -0.00523052
-146.7 -0.00521295
-146.6 -0.00519543
-146.5 -0.00517796
-146.4 -0.00516055
-146.3 -0.00514319
-146.2 -0.00512589
-146.1 -0.00510863
-146 -0.00509144
-145.9 -0.00507429
-145.8 -0.0050572
-145.7 -0.00504015
-145.6 -0.00502317
-145.5 -0.00500623
-145.4 -0.00498934
-145.3 -0.00497251
-145.2 -0.00495573
-145.1 -0.004939
-145 -0.00492233
-144.9 -0.0049057
-144.8 -0.00488912
-144.7 -0.0048726
-144.6 -0.00485613
-144.5 -0.00483971
-144.4 -0.00482334
-144.3 -0.00480701
-144.2 -0.00479074
-144.1 -0.00477452
-144 -0.00475835
-143.9 -0.00474223
-143.8 -0.00472616
-143.7 -0.00471014
-143.6 -0.00469417
-143.5 -0.00467825
-143.4 -0.00466238
-143.3 -0.00464655
-143.2 -0.00463078
-143.1 -0.00461505
-143 -0.00459938
-142.9 -0.00458375
-142.8 -0.00456817
-142.7 -0.00455264
-142.6 -0.00453715
-142.5 -0.00452172
-142.4 -0.00450633
-142.3 -0.00449099
-142.2 -0.0044757
-142.1 -0.00446045
-142 -0.00444526
-141.9 -0.00443011
-141.8 -0.004415
-141.7 -0.00439995
-141.6 -0.00438494
-141.5 -0.00436997
-141.4 -0.00435506
-141.3 -0.00434019
-141.2 -0.00432536
-141.1 -0.00431059
-141 -0.00429586
-140.9 -0.00428117
-140.8 -0.00426653
-140.7 -0.00425194
-140.6 -0.00423739
-140.5 -0.00422288
-140.4 -0.00420843
-140.3 -0.00419401
-140.2 -0.00417964
-140.1 -0.00416532
-140 -0.00415104
-139.9 -0.00413681
-139.8 -0.00412262
-139.7 -0.00410847
-139.6 -0.00409437
-139.5 -0.00408032
-139.4 -0.0040663
-139.3 -0.00405233
-139.2 -0.00403841
-139.1 -0.00402453
-139 -0.00401069
-138.9 -0.00399689
-138.8 -0.00398314
-138.7 -0.00396943
-138.6 -0.00395577
-138.5 -0.00394215
-138.4 -0.00392857
-138.3 -0.00391503
-138.2 -0.00390153
-138.1 -0.00388808
-138 -0.00387467
-137.9 -0.0038613
-137.8 -0.00384797
-137.7 -0.00383469
-137.6 -0.00382145
-137.5 -0.00380825
-137.4 -0.00379509
-137.3 -0.00378197
-137.2 -0.00376889
-137.1 -0.00375586
-137 -0.00374286
-136.9 -0.00372991
-136.8 -0.00371699
-136.7 -0.00370412
-136.6 -0.00369129
-136.5 -0.0036785
-136.4 -0.00366575
-136.3 -0.00365304
-136.2 -0.00364037
-136.1 -0.00362773
-136 -0.00361514
-135.9 -0.00360259
-135.8 -0.00359008
-135.7 -0.00357761
-135.6 -0.00356518
-135.5 -0.00355278
-135.4 -0.00354043
-135.3 -0.00352812
-135.2 -0.00351584
-135.1 -0.0035036
-135 -0.0034914
-134.9 -0.00347924
-134.8 -0.00346712
-134.7 -0.00345504
-134.6 -0.003443
-134.5 -0.00343099
-134.4 -0.00341902
-134.3 -0.00340709
-134.2 -0.0033952
-134.1 -0.00338334
-134 -0.00337153
-133.9 -0.00335975
-133.8 -0.003348
-133.7 -0.0033363
-133.6 -0.00332463
-133.5 -0.003313
-133.4 -0.00330141
-133.3 -0.00328985
-133.2 -0.00327833
-133.1 -0.00326685
-133 -0.0032554
-132.9 -0.00324399
-132.8 -0.00323262
-132.7 -0.00322128
-132.6 -0.00320998
-132.5 -0.00319871
-132.4 -0.00318748
-132.3 -0.00317629
-132.2 -0.00316513
-132.1 -0.00315401
-132 -0.00314292
-131.9 -0.00313187
-131.8 -0.00312086
-131.7 -0.00310988
-131.6 -0.00309893
-131.5 -0.00308802
-131.4 -0.00307714
-131.3 -0.0030663
-131.2 -0.0030555
-131.1 -0.00304472
-131 -0.00303399
-130.9 -0.00302328
-130.8 -0.00301262
-130.7 -0.00300198
-130.6 -0.00299138
-130.5 -0.00298081
-130.4 -0.00297028
-130.3 -0.00295978
-130.2 -0.00294932
-130.1 -0.00293889
-130 -0.00292849
-129.9 -0.00291813
-129.8 -0.00290779
-129.7 -0.0028975
-129.6 -0.00288723
-129.5 -0.002877
-129.4 -0.0028668
-129.3 -0.00285663
-129.2 -0.0028465
-129.1 -0.0028364
-129 -0.00282633
-128.9 -0.0028163
-128.8 -0.00280629
-128.7 -0.00279632
-128.6 -0.00278638
-128.5 -0.00277648
-128.4 -0.0027666
-128.3 -0.00275676
-128.2 -0.00274695
-128.1 -0.00273717
-128 -0.00272742
-127.9 -0.0027177
-127.8 -0.00270802
-127.7 -0.00269837
-127.6 -0.00268874
-127.5 -0.00267915
-127.4 -0.00266959
-127.3 -0.00266006
-127.2 -0.00265056
-127.1 -0.0026411
-127 -0.00263166
-126.9 -0.00262225
-126.8 -0.00261288
-126.7 -0.00260353
-126.6 -0.00259422
-126.5 -0.00258493
-126.4 -0.00257568
-126.3 -0.00256645
-126.2 -0.00255726
-126.1 -0.00254809
-126 -0.00253896
-125.9 -0.00252985
-125.8 -0.00252077
-125.7 -0.00251173
-125.6 -0.00250271
-125.5 -0.00249372
-125.4 -0.00248476
-125.3 -0.00247584
-125.2 -0.00246694
-125.1 -0.00245806
-125 -0.00244922
-124.9 -0.00244041
-124.8 -0.00243162
-124.7 -0.00242287
-124.6 -0.00241414
-124.5 -0.00240544
-124.4 -0.00239677
-124.3 -0.00238813
-124.2 -0.00237952
-124.1 -0.00237093
-124 -0.00236237
-123.9 -0.00235384
-123.8 -0.00234534
-123.7 -0.00233687
-123.6 -0.00232842
-123.5 -0.00232
-123.4 -0.00231161
-123.3 -0.00230325
-123.2 -0.00229491
-123.1 -0.0022866
-123 -0.00227832
-122.9 -0.00227007
-122.8 -0.00226184
-122.7 -0.00225364
-122.6 -0.00224547
-122.5 -0.00223732
-122.4 -0.0022292
-122.3 -0.00222111
-122.2 -0.00221304
-122.1 -0.002205
-122 -0.00219699
-121.9 -0.002189
-121.8 -0.00218104
-121.7 -0.00217311
-121.6 -0.0021652
-121.5 -0.00215731
-121.4 -0.00214946
-121.3 -0.00214163
-121.2 -0.00213382
-121.1 -0.00212604
-121 -0.00211829
-120.9 -0.00211056
-120.8 -0.00210286
-120.7 -0.00209518
-120.6 -0.00208753
-120.5 -0.00207991
-120.4 -0.00207231
-120.3 -0.00206473
-120.2 -0.00205718
-120.1 -0.00204965
-120 -0.00204215
-119.9 -0.00203468
-119.8 -0.00202723
-119.7 -0.0020198
-119.6 -0.0020124
-119.5 -0.00200502
-119.4 -0.00199767
-119.3 -0.00199034
-119.2 -0.00198304
-119.1 -0.00197576
-119 -0.0019685
-118.9 -0.00196127
-118.8 -0.00195406
-118.7 -0.00194688
-118.6 -0.00193972
-118.5 -0.00193258
-118.4 -0.00192547
-118.3 -0.00191838
-118.2 -0.00191132
-118.1 -0.00190427
-118 -0.00189726
-117.9 -0.00189026
-117.8 -0.00188329
-117.7 -0.00187634
-117.6 -0.00186942
-117.5 -0.00186252
-117.4 -0.00185564
-117.3 -0.00184878
-117.2 -0.00184195
-117.1 -0.00183514
-117 -0.00182835
-116.9 -0.00182159
-116.8 -0.00181484
-116.7 -0.00180813
-116.6 -0.00180143
-116.5 -0.00179475
-116.4 -0.0017881
-116.3 -0.00178147
-116.2 -0.00177486
-116.1 -0.00176828
-116 -0.00176171
-115.9 -0.00175517
-115.8 -0.00174865
-115.7 -0.00174216
-115.6 -0.00173568
-115.5 -0.00172923
-115.4 -0.00172279
-115.3 -0.00171638
-115.2 -0.00170999
-115.1 -0.00170363
-115 -0.00169728
-114.9 -0.00169095
-114.8 -0.00168465
-114.7 -0.00167837
-114.6 -0.00167211
-114.5 -0.00166587
-114.4 -0.00165965
-114.3 -0.00165345
-114.2 -0.00164727
-114.1 -0.00164112
-114 -0.00163498
-113.9 -0.00162886
-113.8 -0.00162277
-113.7 -0.0016167
-113.6 -0.00161064
-113.5 -0.00160461
-113.4 -0.0015986
-113.3 -0.0015926
-113.2 -0.00158663
-113.1 -0.00158068
-113 -0.00157475
-112.9 -0.00156884
-112.8 -0.00156295
-112.7 -0.00155708
-112.6 -0.00155122
-112.5 -0.00154539
-112.4 -0.00153958
-112.3 -0.00153379
-112.2 -0.00152802
-112.1 -0.00152226
-112 -0.00151653
-111.9 -0.00151081
-111.8 -0.00150512
-111.7 -0.00149945
-111.6 -0.00149379
-111.5 -0.00148815
-111.4 -0.00148254
-111.3 -0.00147694
-111.2 -0.00147136
-111.1 -0.0014658
-111 -0.00146026
-110.9 -0.00145473
-110.8 -0.00144923
-110.7 -0.00144374
-110.6 -0.00143828
-110.5 -0.00143283
-110.4 -0.0014274
-110.3 -0.00142199
-110.2 -0.0014166
-110.1 -0.00141123
-110 -0.00140587
-109.9 -0.00140053
-109.8 -0.00139522
-109.7 -0.00138992
-109.6 -0.00138463
-109.5 -0.00137937
-109.4 -0.00137412
-109.3 -0.00136889
-109.2 -0.00136368
-109.1 -0.00135849
-109 -0.00135332
-108.9 -0.00134816
-108.8 -0.00134302
-108.7 -0.0013379
-108.6 -0.0013328
-108.5 -0.00132771
-108.4 -0.00132264
-108.3 -0.00131759
-108.2 -0.00131256
-108.1 -0.00130754
-108 -0.00130254
-107.9 -0.00129756
-107.8 -0.00129259
-107.7 -0.00128765
-107.6 -0.00128271
-107.5 -0.0012778
-107.4 -0.0012729
-107.3 -0.00126802
-107.2 -0.00126316
-107.1 -0.00125831
-107 -0.00125348
-106.9 -0.00124867
-106.8 -0.00124387
-106.7 -0.00123909
-106.6 -0.00123433
-106.5 -0.00122958
-106.4 -0.00122485
-106.3 -0.00122014
-106.2 -0.00121544
-106.1 -0.00121076
-106 -0.0012061
-105.9 -0.00120145
-105.8 -0.00119681
-105.7 -0.0011922
-105.6 -0.0011876
-105.5 -0.00118301
-105.4 -0.00117844
-105.3 -0.00117389
-105.2 -0.00116935
-105.1 -0.00116483
-105 -0.00116032
-104.9 -0.00115583
-104.8 -0.00115136
-104.7 -0.0011469
-104.6 -0.00114246
-104.5 -0.00113803
-104.4 -0.00113362
-104.3 -0.00112922
-104.2 -0.00112484
-104.1 -0.00112047
-104 -0.00111612
-103.9 -0.00111179
-103.8 -0.00110746
-103.7 -0.00110316
-103.6 -0.00109887
-103.5 -0.00109459
-103.4 -0.00109033
-103.3 -0.00108609
-103.2 -0.00108185
-103.1 -0.00107764
-103 -0.00107344
-102.9 -0.00106925
-102.8 -0.00106508
-102.7 -0.00106092
-102.6 -0.00105678
-102.5 -0.00105265
-102.4 -0.00104853
-102.3 -0.00104444
-102.2 -0.00104035
-102.1 -0.00103628
-102 -0.00103222
-101.9 -0.00102818
-101.8 -0.00102415
-101.7 -0.00102014
-101.6 -0.00101614
-101.5 -0.00101215
-101.4 -0.00100818
-101.3 -0.00100422
-101.2 -0.00100028
-101.1 -0.000996351
-101 -0.000992435
-100.9 -0.000988533
-100.8 -0.000984645
-100.7 -0.00098077
-100.6 -0.00097691
-100.5 -0.000973062
-100.4 -0.000969229
-100.3 -0.000965409
-100.2 -0.000961602
-100.1 -0.000957809
-100 -0.000954029
-99.9 -0.000950263
-99.8 -0.00094651
-99.7 -0.00094277
-99.6 -0.000939044
-99.5 -0.000935331
-99.4 -0.00093163
-99.3 -0.000927944
-99.2 -0.00092427
-99.1 -0.000920609
-99 -0.000916961
-98.9 -0.000913326
-98.8 -0.000909704
-98.7 -0.000906095
-98.6 -0.000902499
-98.5 -0.000898916
-98.4 -0.000895345
-98.3 -0.000891787
-98.2 -0.000888242
-98.1 -0.000884709
-98 -0.000881189
-97.9 -0.000877681
-97.8 -0.000874186
-97.7 -0.000870704
-97.6 -0.000867234
-97.5 -0.000863776
-97.4 -0.000860331
-97.3 -0.000856898
-97.2 -0.000853477
-97.1 -0.000850068
-97 -0.000846672
-96.9 -0.000843288
-96.8 -0.000839916
-96.7 -0.000836556
-96.6 -0.000833208
-96.5 -0.000829872
-96.4 -0.000826548
-96.3 -0.000823236
-96.2 -0.000819936
-96.1 -0.000816647
-96 -0.000813371
-95.9 -0.000810106
-95.8 -0.000806853
-95.7 -0.000803612
-95.6 -0.000800382
-95.5 -0.000797164
-95.4 -0.000793957
-95.3 -0.000790762
-95.2 -0.000787579
-95.1 -0.000784407
-95 -0.000781246
-94.9 -0.000778097
-94.8 -0.000774959
-94.7 -0.000771833
-94.6 -0.000768718
-94.5 -0.000765614
-94.4 -0.000762521
-94.3 -0.000759439
-94.2 -0.000756369
-94.1 -0.00075331
-94 -0.000750261
-93.9 -0.000747224
-93.8 -0.000744198
-93.7 -0.000741183
-93.6 -0.000738178
-93.5 -0.000735185
-93.4 -0.000732202
-93.3 -0.00072923
-93.2 -0.000726269
-93.1 -0.000723319
-93 -0.00072038
-92.9 -0.000717451
-92.8 -0.000714533
-92.7 -0.000711625
-92.6 -0.000708728
-92.5 -0.000705841
-92.4 -0.000702965
-92.3 -0.0007001
-92.2 -0.000697245
-92.1 -0.0006944
-92 -0.000691566
-91.9 -0.000688742
-91.8 -0.000685928
-91.7 -0.000683125
-91.6 -0.000680331
-91.5 -0.000677548
-91.4 -0.000674776
-91.3 -0.000672013
-91.2 -0.00066926
-91.1 -0.000666518
-91 -0.000663785
-90.9 -0.000661063
-90.8 -0.00065835
-90.7 -0.000655648
-90.6 -0.000652955
-90.5 -0.000650272
-90.4 -0.000647599
-90.3 -0.000644936
-90.2 -0.000642283
-90.1 -0.000639639
-90 -0.000637005
-89.9 -0.000634381
-89.8 -0.000631766
-89.7 -0.000629161
-89.6 -0.000626566
-89.5 -0.00062398
-89.4 -0.000621404
-89.3 -0.000618837
-89.2 -0.00061628
-89.1 -0.000613732
-89 -0.000611193
-88.9 -0.000608664
-88.8 -0.000606144
-88.7 -0.000603633
-88.6 -0.000601132
-88.5 -0.00059864
-88.4 -0.000596157
-88.3 -0.000593684
-88.2 -0.000591219
-88.1 -0.000588764
-88 -0.000586317
-87.9 -0.00058388
-87.8 -0.000581452
-87.7 -0.000579033
-87.6 -0.000576623
-87.5 -0.000574221
-87.4 -0.000571829
-87.3 -0.000569445
-87.2 -0.000567071
-87.1 -0.000564705
-87 -0.000562348
-86.9 -0.000559999
-86.8 -0.00055766
-86.7 -0.000555329
-86.6 -0.000553007
-86.5 -0.000550693
-86.4 -0.000548389
-86.3 -0.000546092
-86.2 -0.000543804
-86.1 -0.000541525
-86 -0.000539255
-85.9 -0.000536992
-85.8 -0.000534739
-85.7 -0.000532493
-85.6 -0.000530256
-85.5 -0.000528028
-85.4 -0.000525807
-85.3 -0.000523595
-85.2 -0.000521392
-85.1 -0.000519196
-85 -0.000517009
-84.9 -0.00051483
-84.8 -0.000512659
-84.7 -0.000510497
-84.6 -0.000508342
-84.5 -0.000506195
-84.4 -0.000504057
-84.3 -0.000501927
-84.2 -0.000499804
-84.1 -0.00049769
-84 -0.000495583
-83.9 -0.000493485
-83.8 -0.000491394
-83.7 -0.000489312
-83.6 -0.000487237
-83.5 -0.00048517
-83.4 -0.00048311
-83.3 -0.000481059
-83.2 -0.000479015
-83.1 -0.000476979
-83 -0.000474951
-82.9 -0.00047293
-82.8 -0.000470917
-82.7 -0.000468911
-82.6 -0.000466913
-82.5 -0.000464923
-82.4 -0.00046294
-82.3 -0.000460965
-82.2 -0.000458997
-82.1 -0.000457037
-82 -0.000455084
-81.9 -0.000453139
-81.8 -0.000451201
-81.7 -0.00044927
-81.6 -0.000447347
-81.5 -0.000445431
-81.4 -0.000443522
-81.3 -0.00044162
-81.2 -0.000439726
-81.1 -0.000437839
-81 -0.000435959
-80.9 -0.000434086
-80.8 -0.000432221
-80.7 -0.000430362
-80.6 -0.000428511
-80.5 -0.000426667
-80.4 -0.000424829
-80.3 -0.000422999
-80.2 -0.000421176
-80.1 -0.000419359
-80 -0.00041755
-79.9 -0.000415748
-79.8 -0.000413952
-79.7 -0.000412164
-79.6 -0.000410382
-79.5 -0.000408607
-79.4 -0.000406839
-79.3 -0.000405077
-79.2 -0.000403323
-79.1 -0.000401575
-79 -0.000399834
-78.9 -0.000398099
-78.8 -0.000396371
-78.7 -0.00039465
-78.6 -0.000392936
-78.5 -0.000391228
-78.4 -0.000389526
-78.3 -0.000387832
-78.2 -0.000386143
-78.1 -0.000384462
-78 -0.000382786
-77.9 -0.000381118
-77.8 -0.000379455
-77.7 -0.000377799
-77.6 -0.00037615
-77.5 -0.000374507
-77.4 -0.00037287
-77.3 -0.000371239
-77.2 -0.000369615
-77.1 -0.000367997
-77 -0.000366386
-76.9 -0.00036478
-76.8 -0.000363181
-76.7 -0.000361588
-76.6 -0.000360002
-76.5 -0.000358421
-76.4 -0.000356847
-76.3 -0.000355278
-76.2 -0.000353716
-76.1 -0.00035216
-76 -0.00035061
-75.9 -0.000349066
-75.8 -0.000347528
-75.7 -0.000345996
-75.6 -0.00034447
-75.5 -0.000342949
-75.4 -0.000341435
-75.3 -0.000339927
-75.2 -0.000338425
-75.1 -0.000336928
-75 -0.000335437
-74.9 -0.000333952
-74.8 -0.000332473
-74.7 -0.000331
-74.6 -0.000329533
-74.5 -0.000328071
-74.4 -0.000326615
-74.3 -0.000325165
-74.2 -0.00032372
-74.1 -0.000322281
-74 -0.000320848
-73.9 -0.00031942
-73.8 -0.000317998
-73.7 -0.000316582
-73.6 -0.000315171
-73.5 -0.000313765
-73.4 -0.000312366
-73.3 -0.000310971
-73.2 -0.000309583
-73.1 -0.000308199
-73 -0.000306821
-72.9 -0.000305449
-72.8 -0.000304082
-72.7 -0.00030272
-72.6 -0.000301364
-72.5 -0.000300013
-72.4 -0.000298668
-72.3 -0.000297327
-72.2 -0.000295993
-72.1 -0.000294663
-72 -0.000293339
-71.9 -0.000292019
-71.8 -0.000290706
-71.7 -0.000289397
-71.6 -0.000288093
-71.5 -0.000286795
-71.4 -0.000285502
-71.3 -0.000284214
-71.2 -0.000282931
-71.1 -0.000281653
-71 -0.000280381
-70.9 -0.000279113
-70.8 -0.000277851
-70.7 -0.000276593
-70.6 -0.00027534
-70.5 -0.000274093
-70.4 -0.00027285
-70.3 -0.000271613
-70.2 -0.00027038
-70.1 -0.000269152
-70 -0.00026793
-69.9 -0.000266712
-69.8 -0.000265499
-69.7 -0.000264291
-69.6 -0.000263087
-69.5 -0.000261889
-69.4 -0.000260695
-69.3 -0.000259506
-69.2 -0.000258322
-69.1 -0.000257142
-69 -0.000255968
-68.9 -0.000254798
-68.8 -0.000253633
-68.7 -0.000252472
-68.6 -0.000251316
-68.5 -0.000250165
-68.4 -0.000249018
-68.3 -0.000247876
-68.2 -0.000246739
-68.1 -0.000245606
-68 -0.000244478
-67.9 -0.000243354
-67.8 -0.000242235
-67.7 -0.000241121
-67.6 -0.000240011
-67.5 -0.000238905
-67.4 -0.000237804
-67.3 -0.000236707
-67.2 -0.000235615
-67.1 -0.000234527
-67 -0.000233444
-66.9 -0.000232365
-66.8 -0.00023129
-66.7 -0.00023022
-66.6 -0.000229154
-66.5 -0.000228093
-66.4 -0.000227036
-66.3 -0.000225983
-66.2 -0.000224934
-66.1 -0.00022389
-66 -0.000222849
-65.9 -0.000221814
-65.8 -0.000220782
-65.7 -0.000219755
-65.6 -0.000218731
-65.5 -0.000217712
-65.4 -0.000216697
-65.3 -0.000215687
-65.2 -0.00021468
-65.1 -0.000213677
-65 -0.000212679
-64.9 -0.000211685
-64.8 -0.000210695
-64.7 -0.000209708
-64.6 -0.000208726
-64.5 -0.000207748
-64.4 -0.000206774
-64.3 -0.000205804
-64.2 -0.000204838
-64.1 -0.000203876
-64 -0.000202918
-63.9 -0.000201964
-63.8 -0.000201013
-63.7 -0.000200067
-63.6 -0.000199124
-63.5 -0.000198186
-63.4 -0.000197251
-63.3 -0.00019632
-63.2 -0.000195393
-63.1 -0.00019447
-63 -0.000193551
-62.9 -0.000192635
-62.8 -0.000191724
-62.7 -0.000190816
-62.6 -0.000189911
-62.5 -0.000189011
-62.4 -0.000188114
-62.3 -0.000187221
-62.2 -0.000186332
-62.1 -0.000185446
-62 -0.000184565
-61.9 -0.000183686
-61.8 -0.000182812
-61.7 -0.000181941
-61.6 -0.000181073
-61.5 -0.00018021
-61.4 -0.00017935
-61.3 -0.000178493
-61.2 -0.00017764
-61.1 -0.000176791
-61 -0.000175945
-60.9 -0.000175103
-60.8 -0.000174264
-60.7 -0.000173429
-60.6 -0.000172597
-60.5 -0.000171768
-60.4 -0.000170944
-60.3 -0.000170122
-60.2 -0.000169304
-60.1 -0.00016849
-60 -0.000167679
-59.9 -0.000166871
-59.8 -0.000166067
-59.7 -0.000165266
-59.6 -0.000164469
-59.5 -0.000163674
-59.4 -0.000162884
-59.3 -0.000162096
-59.2 -0.000161312
-59.1 -0.000160531
-59 -0.000159754
-58.9 -0.000158979
-58.8 -0.000158208
-58.7 -0.000157441
-58.6 -0.000156676
-58.5 -0.000155915
-58.4 -0.000155157
-58.3 -0.000154402
-58.2 -0.00015365
-58.1 -0.000152902
-58 -0.000152157
-57.9 -0.000151415
-57.8 -0.000150676
-57.7 -0.00014994
-57.6 -0.000149207
-57.5 -0.000148478
-57.4 -0.000147751
-57.3 -0.000147028
-57.2 -0.000146308
-57.1 -0.000145591
-57 -0.000144876
-56.9 -0.000144165
-56.8 -0.000143457
-56.7 -0.000142752
-56.6 -0.00014205
-56.5 -0.000141351
-56.4 -0.000140655
-56.3 -0.000139962
-56.2 -0.000139272
-56.1 -0.000138585
-56 -0.000137901
-55.9 -0.00013722
-55.8 -0.000136541
-55.7 -0.000135866
-55.6 -0.000135193
-55.5 -0.000134524
-55.4 -0.000133857
-55.3 -0.000133193
-55.2 -0.000132532
-55.1 -0.000131874
-55 -0.000131219
-54.9 -0.000130566
-54.8 -0.000129917
-54.7 -0.00012927
-54.6 -0.000128626
-54.5 -0.000127985
-54.4 -0.000127346
-54.3 -0.00012671
-54.2 -0.000126077
-54.1 -0.000125447
-54 -0.00012482
-53.9 -0.000124195
-53.8 -0.000123573
-53.7 -0.000122954
-53.6 -0.000122337
-53.5 -0.000121723
-53.4 -0.000121112
-53.3 -0.000120503
-53.2 -0.000119897
-53.1 -0.000119294
-53 -0.000118693
-52.9 -0.000118095
-52.8 -0.000117499
-52.7 -0.000116906
-52.6 -0.000116316
-52.5 -0.000115728
-52.4 -0.000115143
-52.3 -0.000114561
-52.2 -0.000113981
-52.1 -0.000113403
-52 -0.000112828
-51.9 -0.000112256
-51.8 -0.000111686
-51.7 -0.000111118
-51.6 -0.000110553
-51.5 -0.000109991
-51.4 -0.000109431
-51.3 -0.000108873
-51.2 -0.000108318
-51.1 -0.000107766
-51 -0.000107216
-50.9 -0.000106668
-50.8 -0.000106123
-50.7 -0.00010558
-50.6 -0.000105039
-50.5 -0.000104501
-50.4 -0.000103965
-50.3 -0.000103432
-50.2 -0.000102901
-50.1 -0.000102372
-50 -0.000101846
-49.9 -0.000101322
-49.8 -0.0001008
-49.7 -0.000100281
-49.6 -9.97639e-05
-49.5 -9.92492e-05
-49.4 -9.87368e-05
-49.3 -9.82267e-05
-49.2 -9.77188e-05
-49.1 -9.72132e-05
-49 -9.67098e-05
-48.9 -9.62087e-05
-48.8 -9.57099e-05
-48.7 -9.52132e-05
-48.6 -9.47188e-05
-48.5 -9.42266e-05
-48.4 -9.37366e-05
-48.3 -9.32488e-05
-48.2 -9.27632e-05
-48.1 -9.22798e-05
-48 -9.17985e-05
-47.9 -9.13194e-05
-47.8 -9.08425e-05
-47.7 -9.03677e-05
-47.6 -8.9895e-05
-47.5 -8.94244e-05
-47.4 -8.8956e-05
-47.3 -8.84897e-05
-47.2 -8.80255e-05
-47.1 -8.75634e-05
-47 -8.71034e-05
-46.9 -8.66454e-05
-46.8 -8.61895e-05
-46.7 -8.57357e-05
-46.6 -8.5284e-05
-46.5 -8.48342e-05
-46.4 -8.43866e-05
-46.3 -8.39409e-05
-46.2 -8.34973e-05
-46.1 -8.30557e-05
-46 -8.26161e-05
-45.9 -8.21785e-05
-45.8 -8.17429e-05
-45.7 -8.13092e-05
-45.6 -8.08776e-05
-45.5 -8.04479e-05
-45.4 -8.00201e-05
-45.3 -7.95944e-05
-45.2 -7.91705e-05
-45.1 -7.87486e-05
-45 -7.83286e-05
-44.9 -7.79106e-05
-44.8 -7.74945e-05
-44.7 -7.70802e-05
-44.6 -7.66679e-05
-44.5 -7.62574e-05
-44.4 -7.58489e-05
-44.3 -7.54422e-05
-44.2 -7.50374e-05
-44.1 -7.46344e-05
-44 -7.42333e-05
-43.9 -7.38341e-05
-43.8 -7.34367e-05
-43.7 -7.30411e-05
-43.6 -7.26473e-05
-43.5 -7.22554e-05
-43.4 -7.18652e-05
-43.3 -7.14769e-05
-43.2 -7.10904e-05
-43.1 -7.07056e-05
-43 -7.03226e-05
-42.9 -6.99414e-05
-42.8 -6.9562e-05
-42.7 -6.91844e-05
-42.6 -6.88084e-05
-42.5 -6.84343e-05
-42.4 -6.80618e-05
-42.3 -6.76911e-05
-42.2 -6.73222e-05
-42.1 -6.69549e-05
-42 -6.65894e-05
-41.9 -6.62255e-05
-41.8 -6.58634e-05
-41.7 -6.55029e-05
-41.6 -6.51442e-05
-41.5 -6.47871e-05
-41.4 -6.44316e-05
-41.3 -6.40779e-05
-41.2 -6.37258e-05
-41.1 -6.33753e-05
-41 -6.30265e-05
-40.9 -6.26794e-05
-40.8 -6.23338e-05
-40.7 -6.19899e-05
-40.6 -6.16476e-05
-40.5 -6.13069e-05
-40.4 -6.09678e-05
-40.3 -6.06303e-05
-40.2 -6.02944e-05
-40.1 -5.99601e-05
-40 -5.96274e-05
-39.9 -5.92962e-05
-39.8 -5.89666e-05
-39.7 -5.86386e-05
-39.6 -5.83121e-05
-39.5 -5.79871e-05
-39.4 -5.76637e-05
-39.3 -5.73419e-05
-39.2 -5.70215e-05
-39.1 -5.67027e-05
-39 -5.63854e-05
-38.9 -5.60696e-05
-38.8 -5.57553e-05
-38.7 -5.54425e-05
-38.6 -5.51312e-05
-38.5 -5.48214e-05
-38.4 -5.45131e-05
-38.3 -5.42062e-05
-38.2 -5.39008e-05
-38.1 -5.35969e-05
-38 -5.32944e-05
-37.9 -5.29933e-05
-37.8 -5.26937e-05
-37.7 -5.23956e-05
-37.6 -5.20988e-05
-37.5 -5.18035e-05
-37.4 -5.15096e-05
-37.3 -5.12172e-05
-37.2 -5.09261e-05
-37.1 -5.06364e-05
-37 -5.03482e-05
-36.9 -5.00613e-05
-36.8 -4.97758e-05
-36.7 -4.94917e-05
-36.6 -4.92089e-05
-36.5 -4.89276e-05
-36.4 -4.86475e-05
-36.3 -4.83689e-05
-36.2 -4.80916e-05
-36.1 -4.78156e-05
-36 -4.7541e-05
-35.9 -4.72677e-05
-35.8 -4.69957e-05
-35.7 -4.67251e-05
-35.6 -4.64557e-05
-35.5 -4.61877e-05
-35.4 -4.5921e-05
-35.3 -4.56556e-05
-35.2 -4.53915e-05
-35.1 -4.51287e-05
-35 -4.48671e-05
-34.9 -4.46069e-05
-34.8 -4.43479e-05
-34.7 -4.40901e-05
-34.6 -4.38337e-05
-34.5 -4.35785e-05
-34.4 -4.33245e-05
-34.3 -4.30718e-05
-34.2 -4.28204e-05
-34.1 -4.25702e-05
-34 -4.23212e-05
-33.9 -4.20734e-05
-33.8 -4.18269e-05
-33.7 -4.15815e-05
-33.6 -4.13374e-05
-33.5 -4.10945e-05
-33.4 -4.08528e-05
-33.3 -4.06123e-05
-33.2 -4.0373e-05
-33.1 -4.01348e-05
-33 -3.98979e-05
-32.9 -3.96621e-05
-32.8 -3.94275e-05
-32.7 -3.91941e-05
-32.6 -3.89618e-05
-32.5 -3.87307e-05
-32.4 -3.85007e-05
-32.3 -3.82719e-05
-32.2 -3.80442e-05
-32.1 -3.78176e-05
-32 -3.75922e-05
-31.9 -3.73679e-05
-31.8 -3.71447e-05
-31.7 -3.69227e-05
-31.6 -3.67017e-05
-31.5 -3.64819e-05
-31.4 -3.62632e-05
-31.3 -3.60456e-05
-31.2 -3.5829e-05
-31.1 -3.56136e-05
-31 -3.53992e-05
-30.9 -3.51859e-05
-30.8 -3.49737e-05
-30.7 -3.47626e-05
-30.6 -3.45525e-05
-30.5 -3.43435e-05
-30.4 -3.41356e-05
-30.3 -3.39287e-05
-30.2 -3.37228e-05
-30.1 -3.3518e-05
-30 -3.33142e-05
-29.9 -3.31115e-05
-29.8 -3.29098e-05
-29.7 -3.27091e-05
-29.6 -3.25094e-05
-29.5 -3.23108e-05
-29.4 -3.21132e-05
-29.3 -3.19166e-05
-29.2 -3.17209e-05
-29.1 -3.15263e-05
-29 -3.13327e-05
-28.9 -3.11401e-05
-28.8 -3.09484e-05
-28.7 -3.07578e-05
-28.6 -3.05681e-05
-28.5 -3.03794e-05
-28.4 -3.01916e-05
-28.3 -3.00048e-05
-28.2 -2.9819e-05
-28.1 -2.96342e-05
-28 -2.94503e-05
-27.9 -2.92673e-05
-27.8 -2.90853e-05
-27.7 -2.89042e-05
-27.6 -2.87241e-05
-27.5 -2.85449e-05
-27.4 -2.83666e-05
-27.3 -2.81892e-05
-27.2 -2.80128e-05
-27.1 -2.78373e-05
-27 -2.76627e-05
-26.9 -2.7489e-05
-26.8 -2.73162e-05
-26.7 -2.71443e-05
-26.6 -2.69733e-05
-26.5 -2.68032e-05
-26.4 -2.6634e-05
-26.3 -2.64656e-05
-26.2 -2.62982e-05
-26.1 -2.61316e-05
-26 -2.59659e-05
-25.9 -2.58011e-05
-25.8 -2.56371e-05
-25.7 -2.5474e-05
-25.6 -2.53118e-05
-25.5 -2.51504e-05
-25.4 -2.49898e-05
-25.3 -2.48301e-05
-25.2 -2.46713e-05
-25.1 -2.45132e-05
-25 -2.43561e-05
-24.9 -2.41997e-05
-24.8 -2.40442e-05
-24.7 -2.38895e-05
-24.6 -2.37356e-05
-24.5 -2.35825e-05
-24.4 -2.34303e-05
-24.3 -2.32788e-05
-24.2 -2.31282e-05
-24.1 -2.29784e-05
-24 -2.28293e-05
-23.9 -2.26811e-05
-23.8 -2.25336e-05
-23.7 -2.2387e-05
-23.6 -2.22411e-05
-23.5 -2.2096e-05
-23.4 -2.19517e-05
-23.3 -2.18081e-05
-23.2 -2.16653e-05
-23.1 -2.15233e-05
-23 -2.13821e-05
-22.9 -2.12416e-05
-22.8 -2.11019e-05
-22.7 -2.09629e-05
-22.6 -2.08247e-05
-22.5 -2.06872e-05
-22.4 -2.05505e-05
-22.3 -2.04145e-05
-22.2 -2.02792e-05
-22.1 -2.01447e-05
-22 -2.00109e-05
-21.9 -1.98778e-05
-21.8 -1.97455e-05
-21.7 -1.96138e-05
-21.6 -1.94829e-05
-21.5 -1.93527e-05
-21.4 -1.92232e-05
-21.3 -1.90944e-05
-21.2 -1.89664e-05
-21.1 -1.8839e-05
-21 -1.87123e-05
-20.9 -1.85863e-05
-20.8 -1.8461e-05
-20.7 -1.83364e-05
-20.6 -1.82125e-05
-20.5 -1.80893e-05
-20.4 -1.79667e-05
-20.3 -1.78448e-05
-20.2 -1.77236e-05
-20.1 -1.7603e-05
-20 -1.74832e-05
-19.9 -1.73639e-05
-19.8 -1.72454e-05
-19.7 -1.71275e-05
-19.6 -1.70102e-05
-19.5 -1.68936e-05
-19.4 -1.67777e-05
-19.3 -1.66624e-05
-19.2 -1.65477e-05
-19.1 -1.64337e-05
-19 -1.63203e-05
-18.9 -1.62076e-05
-18.8 -1.60955e-05
-18.7 -1.5984e-05
-18.6 -1.58731e-05
-18.5 -1.57628e-05
-18.4 -1.56532e-05
-18.3 -1.55442e-05
-18.2 -1.54358e-05
-18.1 -1.5328e-05
-18 -1.52208e-05
-17.9 -1.51142e-05
-17.8 -1.50082e-05
-17.7 -1.49029e-05
-17.6 -1.47981e-05
-17.5 -1.46939e-05
-17.4 -1.45903e-05
-17.3 -1.44873e-05
-17.2 -1.43848e-05
-17.1 -1.4283e-05
-17 -1.41817e-05
-16.9 -1.4081e-05
-16.8 -1.39809e-05
-16.7 -1.38814e-05
-16.6 -1.37824e-05
-16.5 -1.3684e-05
-16.4 -1.35861e-05
-16.3 -1.34888e-05
-16.2 -1.33921e-05
-16.1 -1.32959e-05
-16 -1.32003e-05
-15.9 -1.31053e-05
-15.8 -1.30107e-05
-15.7 -1.29167e-05
-15.6 -1.28233e-05
-15.5 -1.27304e-05
-15.4 -1.26381e-05
-15.3 -1.25462e-05
-15.2 -1.24549e-05
-15.1 -1.23642e-05
-15 -1.22739e-05
-14.9 -1.21842e-05
-14.8 -1.2095e-05
-14.7 -1.20064e-05
-14.6 -1.19182e-05
-14.5 -1.18306e-05
-14.4 -1.17434e-05
-14.3 -1.16568e-05
-14.2 -1.15707e-05
-14.1 -1.14851e-05
-14 -1.14e-05
-13.9 -1.13154e-05
-13.8 -1.12313e-05
-13.7 -1.11477e-05
-13.6 -1.10646e-05
-13.5 -1.09819e-05
-13.4 -1.08998e-05
-13.3 -1.08181e-05
-13.2 -1.0737e-05
-13.1 -1.06563e-05
-13 -1.05761e-05
-12.9 -1.04963e-05
-12.8 -1.04171e-05
-12.7 -1.03383e-05
-12.6 -1.026e-05
-12.5 -1.01821e-05
-12.4 -1.01047e-05
-12.3 -1.00278e-05
-12.2 -9.95132e-06
-12.1 -9.87532e-06
-12 -9.79977e-06
-11.9 -9.72467e-06
-11.8 -9.65003e-06
-11.7 -9.57583e-06
-11.6 -9.50208e-06
-11.5 -9.42878e-06
-11.4 -9.35592e-06
-11.3 -9.2835e-06
-11.2 -9.21151e-06
-11.1 -9.13997e-06
-11 -9.06886e-06
-10.9 -8.99818e-06
-10.8 -8.92793e-06
-10.7 -8.8581e-06
-10.6 -8.78871e-06
-10.5 -8.71973e-06
-10.4 -8.65118e-06
-10.3 -8.58305e-06
-10.2 -8.51533e-06
-10.1 -8.44803e-06
-10 -8.38115e-06
-9.9 -8.31467e-06
-9.8 -8.24861e-06
-9.7 -8.18295e-06
-9.6 -8.11769e-06
-9.5 -8.05284e-06
-9.4 -7.98839e-06
-9.3 -7.92434e-06
-9.2 -7.86068e-06
-9.1 -7.79742e-06
-9 -7.73456e-06
-8.9 -7.67208e-06
-8.8 -7.61e-06
-8.7 -7.5483e-06
-8.6 -7.48698e-06
-8.5 -7.42605e-06
-8.4 -7.3655e-06
-8.3 -7.30533e-06
-8.2 -7.24554e-06
-8.1 -7.18612e-06
-8 -7.12708e-06
-7.9 -7.06841e-06
-7.8 -7.01011e-06
-7.7 -6.95218e-06
-7.6 -6.89461e-06
-7.5 -6.83741e-06
-7.4 -6.78057e-06
-7.3 -6.72409e-06
-7.2 -6.66797e-06
-7.1 -6.61221e-06
-7 -6.5568e-06
-6.9 -6.50174e-06
-6.8 -6.44704e-06
-6.7 -6.39269e-06
-6.6 -6.33868e-06
-6.5 -6.28502e-06
-6.4 -6.23171e-06
-6.3 -6.17874e-06
-6.2 -6.12611e-06
-6.1 -6.07382e-06
-6 -6.02186e-06
-5.9 -5.97025e-06
-5.8 -5.91896e-06
-5.7 -5.86801e-06
-5.6 -5.81739e-06
-5.5 -5.7671e-06
-5.4 -5.71713e-06
-5.3 -5.66749e-06
-5.2 -5.61818e-06
-5.1 -5.56918e-06
-5 -5.52051e-06
-4.9 -5.47216e-06
-4.8 -5.42412e-06
-4.7 -5.3764e-06
-4.6 -5.32899e-06
-4.5 -5.2819e-06
-4.4 -5.23511e-06
-4.3 -5.18864e-06
-4.2 -5.14247e-06
-4.1 -5.09661e-06
-4 -5.05105e-06
-3.9 -5.00579e-06
-3.8 -4.96084e-06
-3.7 -4.91618e-06
-3.6 -4.87182e-06
-3.5 -4.82776e-06
-3.4 -4.784e-06
-3.3 -4.74052e-06
-3.2 -4.69734e-06
-3.1 -4.65445e-06
-3 -4.61185e-06
-2.9 -4.56953e-06
-2.8 -4.5275e-06
-2.7 -4.48576e-06
-2.6 -4.44429e-06
-2.5 -4.40311e-06
-2.4 -4.36221e-06
-2.3 -4.32158e-06
-2.2 -4.28123e-06
-2.1 -4.24116e-06
-2 -4.20136e-06
-1.9 -4.16183e-06
-1.8 -4.12258e-06
-1.7 -4.08359e-06
-1.6 -4.04487e-06
-1.5 -4.00641e-06
-1.4 -3.96823e-06
-1.3 -3.9303e-06
-1.2 -3.89264e-06
-1.1 -3.85524e-06
-1 -3.81809e-06
-0.9 -3.78121e-06
-0.8 -3.74458e-06
-0.7 -3.7082e-06
-0.6 -3.67209e-06
-0.5 -3.63622e-06
-0.4 -3.6006e-06
-0.3 -3.56523e-06
-0.2 -3.53012e-06
-0.1 -3.49524e-06
0 -3.46062e-06
